646902 675712 2003/09/04 171600
411423 676041 1999/05/25 8496
85978 763356 2009/07/02 764922
801032 931006 1995/11/21 634520
903590 741143 1981/07/11 520367
294461 915941 1990/07/01 797617
815181 154628 2005/03/30 99259
272649 813108 1980/09/01 796462
992191 449177 1974/12/14 766487
778422 880798 2018/05/16 191191
730063 259955 1974/01/24 825974
525097 634067 2001/10/25 595465
290351 649357 1979/04/08 757217
92860 852635 1971/04/29 958727
147331 726179 1970/04/11 639038
493836 319629 1979/01/14 937926
431594 589845 1995/09/02 326115
410320 871790 2009/04/03 873110
619946 594015 2019/09/25 191389
558350 144681 1987/01/04 496238
693542 673510 1981/08/10 360041
173909 905007 2012/05/17 449817
232837 828577 2009/11/11 401039
362005 152729 1998/10/25 231783
94274 81255 1998/08/09 96977
109184 32321 2013/11/19 835294
201230 871491 1978/12/30 291249
130676 768382 1991/09/30 587884
758153 793346 1990/02/17 911957
383862 705916 2006/01/13 8718
842237 352669 1993/02/12 457110
750709 288362 1991/12/07 48167
990049 434711 1975/05/05 535643
261378 660081 2019/08/09 965584
974819 223435 1985/06/05 386901
200062 267777 1986/02/13 456506
498511 279257 2015/07/29 281892
764076 838481 2013/03/05 254765
66533 336683 2010/09/22 100782
49535 285077 1971/03/14 255158
317416 513806 2018/11/16 93169
619207 884062 2008/03/03 198357
623508 177168 2005/03/24 154655
846396 370703 2016/01/23 693384
264175 636317 1986/04/21 522783
485082 328143 1975/01/20 861058
509212 938802 2005/02/07 484895
46522 794344 2013/05/13 771780
710495 990019 2005/03/10 855825
967385 474936 1970/02/15 640380
467919 26093 2012/11/27 679054
764187 565356 1996/04/23 967267
269423 32290 2015/02/13 447101
235990 793205 2011/04/05 918137
469454 819851 2021/08/22 81107
460114 875289 2019/10/15 100790
447106 724588 1975/09/17 799419
366903 736272 2012/09/11 18198
504543 220607 2015/03/26 72985
614311 399780 1970/12/21 890678
469913 224027 1992/09/07 889643
188009 739659 2021/12/28 786282
3092 536135 1976/05/23 732588
946468 459487 1994/04/13 62074
705156 431209 1999/04/02 216989
15288 641061 1989/07/12 592342
338358 367649 1987/04/05 490414
925916 336426 1981/04/17 40269
68638 137540 2015/09/10 85380
849897 59846 1976/12/23 73919
49316 25745 1997/10/03 121868
31226 56401 1981/05/27 725246
477087 376474 1999/07/31 271679
575047 15510 2020/03/21 859681
86330 34434 2020/07/26 55469
995441 81381 1977/05/31 719326
740029 881876 1985/11/27 396020
284872 157545 1973/06/30 979434
368633 597182 1984/01/29 713116
445682 587532 2010/09/08 877949
228298 691951 1983/06/22 668271
94604 988916 2005/08/08 503683
46028 906139 2022/03/12 863843
272137 580956 1988/07/15 861410
704671 749727 1986/12/12 806004
149392 528281 1987/07/22 682786
104983 699136 1994/04/04 826615
566906 168551 2003/04/06 53358
903384 528755 1971/05/03 25701
59943 308761 1998/12/02 745533
480433 588734 2004/11/05 448409
737789 759996 1997/02/24 117177
484550 864260 1971/03/15 817220
332698 929302 1981/03/31 162026
306377 944833 1977/04/10 682302
111929 26605 1997/03/14 56194
625473 387197 2002/12/11 75660
785193 851390 1989/08/15 952278
855673 160248 2007/08/02 208721
29783 400434 1995/10/02 114579
